shape_id,shape_pt_lat,shape_pt_lon,shape_pt_sequence
SB,14.6115627,120.9731973,0
SB,14.6126926,120.9734599,1
SB,14.6130993,120.9735489,2
SB,14.6138209,120.9737100,3
SB,14.6144544,120.9738558,4
SB,14.6155113,120.9740698,5
SB,14.6163918,120.9741757,6
SB,14.6169291,120.9742208,7
SB,14.6172746,120.9742699,8
SB,14.6200074,120.9746909,9
SB,14.6210491,120.9748200,10
SB,14.6213509,120.9748676,11
SB,14.6218601,120.9751560,12
SB,14.6222752,120.9754809,13
SB,14.6226469,120.9759241,14
SB,14.6229926,120.9765710,15
SB,14.6231550,120.9772947,16
SB,14.6231389,120.9780113,17
SB,14.6231261,120.9781355,18
SB,14.6231147,120.9782932,19
SB,14.6229929,120.9795527,20
SB,14.6229929,120.9795527,21
SB,14.6227515,120.9819641,22
SB,14.6226637,120.9828479,23
SB,14.6226645,120.9828824,24
SB,14.6226645,120.9828824,25
SB,14.6226584,120.9829546,26
SB,14.6226104,120.9834584,27
SB,14.6223178,120.9865418,28
SB,14.6221865,120.9870032,29
SB,14.6220121,120.9873465,30
SB,14.6217317,120.9877612,31
SB,14.6204442,120.9890195,32
SB,14.6192754,120.9901010,33
SB,14.6182506,120.9911349,34
SB,14.6171462,120.9921687,35
SB,14.6164232,120.9928512,36
SB,14.6161006,120.9931641,37
SB,14.6150228,120.9941407,38
SB,14.6139864,120.9951664,39
SB,14.6130261,120.9960691,40
SB,14.6128690,120.9962171,41
SB,14.6127973,120.9962874,42
SB,14.6124293,120.9966336,43
SB,14.6117143,120.9973353,44
SB,14.6106367,120.9983689,45
SB,14.6095692,120.9993845,46
SB,14.6085229,121.0003737,47
SB,14.6074665,121.0014112,48
SB,14.6064794,121.0023736,49
SB,14.6053506,121.0034155,50
SB,14.6053506,121.0034155,51
SB,14.6052788,121.0034830,52
SB,14.6052788,121.0034830,53
SB,14.6041463,121.0045947,54
SB,14.6037921,121.0050689,55
SB,14.6034875,121.0055807,56
SB,14.6033093,121.0060009,57
SB,14.6031573,121.0064362,58
SB,14.6029486,121.0071340,59
SB,14.6027483,121.0077397,60
SB,14.6024595,121.0081769,61
SB,14.6023231,121.0083624,62
SB,14.6021997,121.0085413,63
SB,14.6019185,121.0088749,64
SB,14.6007096,121.0103227,65
SB,14.5993513,121.0119881,66
SB,14.5986338,121.0128489,67
SB,14.5978654,121.0133378,68
SB,14.5974957,121.0134512,69
SB,14.5972711,121.0134943,70
SB,14.5969961,121.0135288,71
SB,14.5967286,121.0135251,72
SB,14.5962214,121.0134199,73
SB,14.5959336,121.0133349,74
SB,14.5956542,121.0132252,75
SB,14.5950764,121.0128310,76
SB,14.5950764,121.0128310,77
SB,14.5940522,121.0119512,78
SB,14.5940522,121.0119512,79
SB,14.5923503,121.0105307,80
SB,14.5910086,121.0094020,81
SB,14.5904794,121.0089270,82
SB,14.5899710,121.0084821,83
SB,14.5894559,121.0080314,84
SB,14.5884210,121.0071307,85
SB,14.5864953,121.0055124,86
SB,14.5859291,121.0050365,87
SB,14.5857762,121.0048950,88
SB,14.5857762,121.0048950,89
SB,14.5856708,121.0048055,90
SB,14.5856708,121.0048055,91
SB,14.5855026,121.0046434,92
SB,14.5840706,121.0034645,93
SB,14.5823987,121.0020267,94
SB,14.5823987,121.0020267,95
SB,14.5822936,121.0019363,96
SB,14.5822936,121.0019363,97
SB,14.5804708,121.0003689,98
SB,14.5790481,120.9991586,99
SB,14.5787274,120.9988731,100
SB,14.5784276,120.9986397,101
SB,14.5781567,120.9984108,102
SB,14.5779637,120.9982977,103
SB,14.5777686,120.9982212,104
SB,14.5773991,120.9980864,105
SB,14.5771273,120.9980180,106
SB,14.5768494,120.9979882,107
SB,14.5766202,120.9979745,108
SB,14.5763079,120.9980081,109
SB,14.5759975,120.9980654,110
SB,14.5759975,120.9980654,111
SB,14.5758334,120.9981272,112
SB,14.5758334,120.9981272,113
SB,14.5740225,120.9990742,114
SB,14.5740225,120.9990742,115
SB,14.5739156,120.9991301,116
SB,14.5739156,120.9991301,117
SB,14.5731191,120.9995466,118
SB,14.5726906,120.9997743,119
SB,14.5690939,121.0017188,120
SB,14.5669395,121.0028695,121
SB,14.5665449,121.0030825,122
SB,14.5661392,121.0033167,123
SB,14.5630654,121.0049533,124
SB,14.5604921,121.0063656,125
SB,14.5604181,121.0064054,126
SB,14.5604181,121.0064054,127
SB,14.5603373,121.0064489,128
SB,14.5603373,121.0064489,129
SB,14.5585325,121.0074202,130
SB,14.5584476,121.0074681,131
SB,14.5579954,121.0077124,132
SB,14.5579508,121.0077388,133
SB,14.5578386,121.0077931,134
SB,14.5577750,121.0078268,135
SB,14.5576928,121.0078699,136
SB,14.5570368,121.0082172,137
SB,14.5569665,121.0082540,138
SB,14.5569140,121.0082863,139
SB,14.5516184,121.0111283,140
SB,14.5512736,121.0113134,141
SB,14.5510744,121.0114320,142
SB,14.5505875,121.0116975,143
SB,14.5497250,121.0121682,144
SB,14.5497250,121.0121682,145
SB,14.5491173,121.0124922,146
SB,14.5476142,121.0132937,147
SB,14.5474255,121.0133915,148
SB,14.5472426,121.0134919,149
SB,14.5450907,121.0146723,150
SB,14.5450907,121.0146723,151
SB,14.5448943,121.0147811,152
SB,14.5448943,121.0147811,153
SB,14.5407766,121.0169796,154
SB,14.5380023,121.0184282,155
SB,14.5307045,121.0223883,156
SB,14.5307045,121.0223883,157
SB,14.5306121,121.0224384,158
SB,14.5306121,121.0224384,159
SB,14.5280999,121.0238066,160
SB,14.5280999,121.0238066,161
SB,14.5279161,121.0239062,162
SB,14.5279161,121.0239062,163
SB,14.5263047,121.0247751,164
SB,14.5248130,121.0256244,165
SB,14.5240519,121.0260158,166
SB,14.5240002,121.0260419,167
SB,14.5236088,121.0262498,168
SB,14.5210733,121.0276044,169
SB,14.5185233,121.0289931,170
SB,14.5172998,121.0296407,171
SB,14.5134193,121.0317493,172
SB,14.5121362,121.0324368,173
SB,14.5063830,121.0355120,174
SB,14.5061208,121.0356580,175
SB,14.5051945,121.0361736,176
SB,14.5029441,121.0373852,177
SB,14.5000294,121.0389813,178
SB,14.4985783,121.0397308,179
SB,14.4960823,121.0411044,180
SB,14.4931539,121.0426772,181
SB,14.4914563,121.0435850,182
SB,14.4897649,121.0444894,183
SB,14.4877920,121.0455331,184
SB,14.4872297,121.0458483,185
SB,14.4866398,121.0461819,186
SB,14.4845093,121.0473364,187
SB,14.4822254,121.0484009,188
SB,14.4777550,121.0505142,189
SB,14.4768725,121.0508302,190
SB,14.4764659,121.0509126,191
SB,14.4761244,121.0509573,192
SB,14.4755908,121.0509884,193
SB,14.4740962,121.0509473,194
SB,14.4724016,121.0508905,195
SB,14.4706988,121.0508260,196
SB,14.4698378,121.0509515,197
SB,14.4682411,121.0514966,198
SB,14.4667360,121.0520778,199
SB,14.4663399,121.0521933,200
SB,14.4659308,121.0522840,201
SB,14.4655037,121.0523397,202
SB,14.4650944,121.0523752,203
SB,14.4650944,121.0523752,204
SB,14.4648984,121.0523781,205
SB,14.4648984,121.0523781,206
SB,14.4632693,121.0522233,207
SB,14.4615060,121.0519911,208
SB,14.4598630,121.0518262,209
SB,14.4561207,121.0513812,210
SB,14.4534442,121.0510773,211
SB,14.4523948,121.0509582,212
SB,14.4514942,121.0508601,213
SB,14.4514942,121.0508601,214
SB,14.4501299,121.0506850,215
SB,14.4465752,121.0502884,216
SB,14.4447999,121.0500588,217
SB,14.4429574,121.0498266,218
SB,14.4412834,121.0496780,219
SB,14.4408217,121.0496040,220
SB,14.4364683,121.0491072,221
SB,14.4343759,121.0488665,222
SB,14.4316953,121.0485453,223
SB,14.4265687,121.0479305,224
SB,14.4255855,121.0478006,225
SB,14.4247258,121.0477309,226
SB,14.4234779,121.0477327,227
SB,14.4191599,121.0477129,228
SB,14.4190990,121.0477126,229
SB,14.4181719,121.0476977,230
SB,14.4175747,121.0477004,231
SB,14.4169619,121.0477031,232
SB,14.4168827,121.0477034,233
SB,14.4161479,121.0477051,234
SB,14.4161479,121.0477051,235
SB,14.4144879,121.0477089,236
SB,14.4127163,121.0477116,237
SB,14.4100927,121.0476417,238
SB,14.4092911,121.0476145,239
SB,14.4070549,121.0476219,240
SB,14.4037825,121.0476253,241
SB,14.4010629,121.0476167,242
SB,14.3991878,121.0476474,243
SB,14.3947936,121.0475972,244
SB,14.3914343,121.0475998,245
SB,14.3914343,121.0475998,246
SB,14.3912235,121.0475972,247
SB,14.3912235,121.0475972,248
SB,14.3905527,121.0476019,249
SB,14.3898032,121.0476087,250
SB,14.3894236,121.0476065,251
SB,14.3887587,121.0476030,252
SB,14.3873925,121.0475993,253
SB,14.3861563,121.0476212,254
SB,14.3818386,121.0475747,255
SB,14.3800002,121.0475547,256
SB,14.3771191,121.0475524,257
SB,14.3765077,121.0475840,258
SB,14.3759473,121.0477133,259
SB,14.3753103,121.0479120,260
SB,14.3744767,121.0483262,261
SB,14.3725573,121.0493440,262
SB,14.3706991,121.0503507,263
SB,14.3695799,121.0509963,264
SB,14.3695799,121.0509963,265
SB,14.3694501,121.0510663,266
SB,14.3694501,121.0510663,267
SB,14.3675480,121.0521209,268
SB,14.3672592,121.0522811,269
SB,14.3652081,121.0534081,270
SB,14.3648242,121.0536112,271
SB,14.3643511,121.0539109,272
SB,14.3643511,121.0539109,273
SB,14.3639742,121.0541114,274
SB,14.3639742,121.0541114,275
SB,14.3626340,121.0548486,276
SB,14.3619210,121.0552255,277
SB,14.3613295,121.0555247,278
SB,14.3608373,121.0557969,279
SB,14.3608373,121.0557969,280
SB,14.3571704,121.0578252,281
SB,14.3571704,121.0578252,282
SB,14.3550070,121.0590160,283
SB,14.3550070,121.0590160,284
SB,14.3549150,121.0590694,285
SB,14.3549150,121.0590694,286
SB,14.3516772,121.0608382,287
SB,14.3478440,121.0629014,288
SB,14.3473063,121.0632252,289
SB,14.3469424,121.0634977,290
SB,14.3464881,121.0639618,291
SB,14.3454206,121.0651910,292
SB,14.3449215,121.0657968,293
SB,14.3449215,121.0657968,294
SB,14.3447971,121.0659080,295
SB,14.3447971,121.0659080,296
SB,14.3418519,121.0692432,297
SB,14.3415431,121.0696057,298
SB,14.3392549,121.0721598,299
SB,14.3384702,121.0730525,300
SB,14.3378188,121.0738362,301
SB,14.3368199,121.0749736,302
SB,14.3365765,121.0752526,303
SB,14.3305338,121.0820941,304
SB,14.3303739,121.0822964,305
SB,14.3303739,121.0822964,306
SB,14.3301195,121.0826009,307
SB,14.3278162,121.0851912,308
SB,14.3267875,121.0863375,309
SB,14.3250396,121.0883379,310
SB,14.3227499,121.0909147,311
SB,14.3211423,121.0927488,312
SB,14.3206618,121.0932940,313
SB,14.3182206,121.0961575,314
SB,14.3167616,121.0978553,315
SB,14.3157488,121.0988712,316
SB,14.3108391,121.1044956,317
SB,14.3107988,121.1045575,318
SB,14.3305338,121.0820941,319
SB,14.3306231,121.0819856,320
SB,14.3310486,121.0814518,321
SB,14.3318441,121.0805388,322
SB,14.3330892,121.0791835,323
SB,14.3346580,121.0774226,324
SB,14.3360153,121.0758736,325
SB,14.3365765,121.0752526,326
SB,14.3107988,121.1045575,327
SB,14.3106914,121.1046661,328
SB,14.3106914,121.1046661,329
SB,14.3097100,121.1057205,330
SB,14.3087311,121.1068228,331
SB,14.3072362,121.1085206,332
SB,14.3061462,121.1097608,333
SB,14.3059096,121.1100106,334
SB,14.3052089,121.1108445,335
SB,14.3052089,121.1108445,336
SB,14.3050223,121.1110528,337
SB,14.3050223,121.1110528,338
SB,14.3041480,121.1120287,339
SB,14.3026216,121.1137535,340
SB,14.3011162,121.1155025,341
SB,14.3010534,121.1155938,342
SB,14.3010534,121.1155938,343
SB,14.3009175,121.1157606,344
SB,14.3009175,121.1157606,345
SB,14.3004480,121.1163315,346
SB,14.2992508,121.1176649,347
SB,14.2983797,121.1185275,348
SB,14.2976118,121.1190179,349
SB,14.2970743,121.1192623,350
SB,14.2970140,121.1192927,351
SB,14.2970140,121.1192927,352
SB,14.2968366,121.1193693,353
SB,14.2968366,121.1193693,354
SB,14.2955712,121.1198383,355
SB,14.2933300,121.1207894,356
SB,14.2905088,121.1218763,357
SB,14.2883088,121.1228062,358
SB,14.2837254,121.1246996,359
SB,14.2837254,121.1246996,360
SB,14.2834512,121.1248150,361
SB,14.2834512,121.1248150,362
SB,14.2814830,121.1256436,363
SB,14.2799336,121.1262698,364
SB,14.2796722,121.1263642,365
SB,14.2757224,121.1280295,366
SB,14.2733941,121.1289406,367
SB,14.2713374,121.1297747,368
SB,14.2658990,121.1320023,369
SB,14.2658990,121.1320023,370
SB,14.2630266,121.1331728,371
SB,14.2630266,121.1331728,372
SB,14.2628739,121.1332357,373
SB,14.2628739,121.1332357,374
SB,14.2614659,121.1338081,375
SB,14.2576222,121.1354046,376
SB,14.2537604,121.1369638,377
SB,14.2519047,121.1377189,378
SB,14.2485124,121.1390877,379
SB,14.2415845,121.1418929,380
SB,14.2328828,121.1454176,381
SB,14.2321220,121.1457289,382
SB,14.2320126,121.1457697,383
SB,14.2308425,121.1462511,384
SB,14.2306180,121.1463571,385
SB,14.2306180,121.1463571,386
SB,14.2277723,121.1475085,387
SB,14.2257931,121.1482618,388
SB,14.2244241,121.1488217,389
SB,14.2235522,121.1491535,390
SB,14.2227996,121.1494908,391
SB,14.2216796,121.1500593,392
SB,14.2207433,121.1505677,393
SB,14.2202337,121.1508837,394
SB,14.2202337,121.1508837,395
SB,14.2195639,121.1512410,396
SB,14.2195639,121.1512410,397
SB,14.2175340,121.1522543,398
SB,14.2140332,121.1540873,399
SB,14.2114227,121.1555370,400
SB,14.2093606,121.1566353,401
SB,14.2093606,121.1566353,402
SB,14.2086657,121.1570107,403
SB,14.2086657,121.1570107,404
SB,14.2083093,121.1571971,405
SB,14.2079297,121.1574184,406
SB,14.2072598,121.1578116,407
SB,14.2069086,121.1579921,408
NB,14.2069086,121.1579921,0
NB,14.2072598,121.1578116,1
NB,14.2079297,121.1574184,2
NB,14.2083093,121.1571971,3
NB,14.2086657,121.1570107,4
NB,14.2086657,121.1570107,5
NB,14.2093606,121.1566353,6
NB,14.2093606,121.1566353,7
NB,14.2114227,121.1555370,8
NB,14.2140332,121.1540873,9
NB,14.2175340,121.1522543,10
NB,14.2195639,121.1512410,11
NB,14.2195639,121.1512410,12
NB,14.2202337,121.1508837,13
NB,14.2202337,121.1508837,14
NB,14.2207433,121.1505677,15
NB,14.2216796,121.1500593,16
NB,14.2227996,121.1494908,17
NB,14.2235522,121.1491535,18
NB,14.2244241,121.1488217,19
NB,14.2257931,121.1482618,20
NB,14.2277723,121.1475085,21
NB,14.2306180,121.1463571,22
NB,14.2306180,121.1463571,23
NB,14.2308425,121.1462511,24
NB,14.2320126,121.1457697,25
NB,14.2321220,121.1457289,26
NB,14.2328828,121.1454176,27
NB,14.2415845,121.1418929,28
NB,14.2485124,121.1390877,29
NB,14.2519047,121.1377189,30
NB,14.2537604,121.1369638,31
NB,14.2576222,121.1354046,32
NB,14.2614659,121.1338081,33
NB,14.2628739,121.1332357,34
NB,14.2628739,121.1332357,35
NB,14.2630266,121.1331728,36
NB,14.2630266,121.1331728,37
NB,14.2658990,121.1320023,38
NB,14.2658990,121.1320023,39
NB,14.2713374,121.1297747,40
NB,14.2733941,121.1289406,41
NB,14.2757224,121.1280295,42
NB,14.2796722,121.1263642,43
NB,14.2799336,121.1262698,44
NB,14.2814830,121.1256436,45
NB,14.2834512,121.1248150,46
NB,14.2834512,121.1248150,47
NB,14.2837254,121.1246996,48
NB,14.2837254,121.1246996,49
NB,14.2883088,121.1228062,50
NB,14.2905088,121.1218763,51
NB,14.2933300,121.1207894,52
NB,14.2955712,121.1198383,53
NB,14.2968366,121.1193693,54
NB,14.2968366,121.1193693,55
NB,14.2970140,121.1192927,56
NB,14.2970140,121.1192927,57
NB,14.2970743,121.1192623,58
NB,14.2976118,121.1190179,59
NB,14.2983797,121.1185275,60
NB,14.2992508,121.1176649,61
NB,14.3004480,121.1163315,62
NB,14.3009175,121.1157606,63
NB,14.3009175,121.1157606,64
NB,14.3010534,121.1155938,65
NB,14.3010534,121.1155938,66
NB,14.3011162,121.1155025,67
NB,14.3026216,121.1137535,68
NB,14.3041480,121.1120287,69
NB,14.3050223,121.1110528,70
NB,14.3050223,121.1110528,71
NB,14.3052089,121.1108445,72
NB,14.3052089,121.1108445,73
NB,14.3059096,121.1100106,74
NB,14.3061462,121.1097608,75
NB,14.3072362,121.1085206,76
NB,14.3087311,121.1068228,77
NB,14.3097100,121.1057205,78
NB,14.3106914,121.1046661,79
NB,14.3106914,121.1046661,80
NB,14.3107988,121.1045575,81
NB,14.3365765,121.0752526,82
NB,14.3360153,121.0758736,83
NB,14.3346580,121.0774226,84
NB,14.3330892,121.0791835,85
NB,14.3318441,121.0805388,86
NB,14.3310486,121.0814518,87
NB,14.3306231,121.0819856,88
NB,14.3305338,121.0820941,89
NB,14.3107988,121.1045575,90
NB,14.3108391,121.1044956,91
NB,14.3157488,121.0988712,92
NB,14.3167616,121.0978553,93
NB,14.3182206,121.0961575,94
NB,14.3206618,121.0932940,95
NB,14.3211423,121.0927488,96
NB,14.3227499,121.0909147,97
NB,14.3250396,121.0883379,98
NB,14.3267875,121.0863375,99
NB,14.3278162,121.0851912,100
NB,14.3301195,121.0826009,101
NB,14.3303739,121.0822964,102
NB,14.3303739,121.0822964,103
NB,14.3305338,121.0820941,104
NB,14.3365765,121.0752526,105
NB,14.3368199,121.0749736,106
NB,14.3378188,121.0738362,107
NB,14.3384702,121.0730525,108
NB,14.3392549,121.0721598,109
NB,14.3415431,121.0696057,110
NB,14.3418519,121.0692432,111
NB,14.3447971,121.0659080,112
NB,14.3447971,121.0659080,113
NB,14.3449215,121.0657968,114
NB,14.3449215,121.0657968,115
NB,14.3454206,121.0651910,116
NB,14.3464881,121.0639618,117
NB,14.3469424,121.0634977,118
NB,14.3473063,121.0632252,119
NB,14.3478440,121.0629014,120
NB,14.3516772,121.0608382,121
NB,14.3549150,121.0590694,122
NB,14.3549150,121.0590694,123
NB,14.3550070,121.0590160,124
NB,14.3550070,121.0590160,125
NB,14.3571704,121.0578252,126
NB,14.3571704,121.0578252,127
NB,14.3608373,121.0557969,128
NB,14.3608373,121.0557969,129
NB,14.3613295,121.0555247,130
NB,14.3619210,121.0552255,131
NB,14.3626340,121.0548486,132
NB,14.3639742,121.0541114,133
NB,14.3639742,121.0541114,134
NB,14.3643511,121.0539109,135
NB,14.3643511,121.0539109,136
NB,14.3648242,121.0536112,137
NB,14.3652081,121.0534081,138
NB,14.3672592,121.0522811,139
NB,14.3675480,121.0521209,140
NB,14.3694501,121.0510663,141
NB,14.3694501,121.0510663,142
NB,14.3695799,121.0509963,143
NB,14.3695799,121.0509963,144
NB,14.3706991,121.0503507,145
NB,14.3725573,121.0493440,146
NB,14.3744767,121.0483262,147
NB,14.3753103,121.0479120,148
NB,14.3759473,121.0477133,149
NB,14.3765077,121.0475840,150
NB,14.3771191,121.0475524,151
NB,14.3800002,121.0475547,152
NB,14.3818386,121.0475747,153
NB,14.3861563,121.0476212,154
NB,14.3873925,121.0475993,155
NB,14.3887587,121.0476030,156
NB,14.3894236,121.0476065,157
NB,14.3898032,121.0476087,158
NB,14.3905527,121.0476019,159
NB,14.3912235,121.0475972,160
NB,14.3912235,121.0475972,161
NB,14.3914343,121.0475998,162
NB,14.3914343,121.0475998,163
NB,14.3947936,121.0475972,164
NB,14.3991878,121.0476474,165
NB,14.4010629,121.0476167,166
NB,14.4037825,121.0476253,167
NB,14.4070549,121.0476219,168
NB,14.4092911,121.0476145,169
NB,14.4100927,121.0476417,170
NB,14.4127163,121.0477116,171
NB,14.4144879,121.0477089,172
NB,14.4161479,121.0477051,173
NB,14.4161479,121.0477051,174
NB,14.4168827,121.0477034,175
NB,14.4169619,121.0477031,176
NB,14.4175747,121.0477004,177
NB,14.4181719,121.0476977,178
NB,14.4190990,121.0477126,179
NB,14.4191599,121.0477129,180
NB,14.4234779,121.0477327,181
NB,14.4247258,121.0477309,182
NB,14.4255855,121.0478006,183
NB,14.4265687,121.0479305,184
NB,14.4316953,121.0485453,185
NB,14.4343759,121.0488665,186
NB,14.4364683,121.0491072,187
NB,14.4408217,121.0496040,188
NB,14.4412834,121.0496780,189
NB,14.4429574,121.0498266,190
NB,14.4447999,121.0500588,191
NB,14.4465752,121.0502884,192
NB,14.4501299,121.0506850,193
NB,14.4514942,121.0508601,194
NB,14.4514942,121.0508601,195
NB,14.4523948,121.0509582,196
NB,14.4534442,121.0510773,197
NB,14.4561207,121.0513812,198
NB,14.4598630,121.0518262,199
NB,14.4615060,121.0519911,200
NB,14.4632693,121.0522233,201
NB,14.4648984,121.0523781,202
NB,14.4648984,121.0523781,203
NB,14.4650944,121.0523752,204
NB,14.4650944,121.0523752,205
NB,14.4655037,121.0523397,206
NB,14.4659308,121.0522840,207
NB,14.4663399,121.0521933,208
NB,14.4667360,121.0520778,209
NB,14.4682411,121.0514966,210
NB,14.4698378,121.0509515,211
NB,14.4706988,121.0508260,212
NB,14.4724016,121.0508905,213
NB,14.4740962,121.0509473,214
NB,14.4755908,121.0509884,215
NB,14.4761244,121.0509573,216
NB,14.4764659,121.0509126,217
NB,14.4768725,121.0508302,218
NB,14.4777550,121.0505142,219
NB,14.4822254,121.0484009,220
NB,14.4845093,121.0473364,221
NB,14.4866398,121.0461819,222
NB,14.4872297,121.0458483,223
NB,14.4877920,121.0455331,224
NB,14.4897649,121.0444894,225
NB,14.4914563,121.0435850,226
NB,14.4931539,121.0426772,227
NB,14.4960823,121.0411044,228
NB,14.4985783,121.0397308,229
NB,14.5000294,121.0389813,230
NB,14.5029441,121.0373852,231
NB,14.5051945,121.0361736,232
NB,14.5061208,121.0356580,233
NB,14.5063830,121.0355120,234
NB,14.5121362,121.0324368,235
NB,14.5134193,121.0317493,236
NB,14.5172998,121.0296407,237
NB,14.5185233,121.0289931,238
NB,14.5210733,121.0276044,239
NB,14.5236088,121.0262498,240
NB,14.5240002,121.0260419,241
NB,14.5240519,121.0260158,242
NB,14.5248130,121.0256244,243
NB,14.5263047,121.0247751,244
NB,14.5279161,121.0239062,245
NB,14.5279161,121.0239062,246
NB,14.5280999,121.0238066,247
NB,14.5280999,121.0238066,248
NB,14.5306121,121.0224384,249
NB,14.5306121,121.0224384,250
NB,14.5307045,121.0223883,251
NB,14.5307045,121.0223883,252
NB,14.5380023,121.0184282,253
NB,14.5407766,121.0169796,254
NB,14.5448943,121.0147811,255
NB,14.5448943,121.0147811,256
NB,14.5450907,121.0146723,257
NB,14.5450907,121.0146723,258
NB,14.5472426,121.0134919,259
NB,14.5474255,121.0133915,260
NB,14.5476142,121.0132937,261
NB,14.5491173,121.0124922,262
NB,14.5497250,121.0121682,263
NB,14.5497250,121.0121682,264
NB,14.5505875,121.0116975,265
NB,14.5510744,121.0114320,266
NB,14.5512736,121.0113134,267
NB,14.5516184,121.0111283,268
NB,14.5569140,121.0082863,269
NB,14.5569665,121.0082540,270
NB,14.5570368,121.0082172,271
NB,14.5576928,121.0078699,272
NB,14.5577750,121.0078268,273
NB,14.5578386,121.0077931,274
NB,14.5579508,121.0077388,275
NB,14.5579954,121.0077124,276
NB,14.5584476,121.0074681,277
NB,14.5585325,121.0074202,278
NB,14.5603373,121.0064489,279
NB,14.5603373,121.0064489,280
NB,14.5604181,121.0064054,281
NB,14.5604181,121.0064054,282
NB,14.5604921,121.0063656,283
NB,14.5630654,121.0049533,284
NB,14.5661392,121.0033167,285
NB,14.5665449,121.0030825,286
NB,14.5669395,121.0028695,287
NB,14.5690939,121.0017188,288
NB,14.5726906,120.9997743,289
NB,14.5731191,120.9995466,290
NB,14.5739156,120.9991301,291
NB,14.5739156,120.9991301,292
NB,14.5740225,120.9990742,293
NB,14.5740225,120.9990742,294
NB,14.5758334,120.9981272,295
NB,14.5758334,120.9981272,296
NB,14.5759975,120.9980654,297
NB,14.5759975,120.9980654,298
NB,14.5763079,120.9980081,299
NB,14.5766202,120.9979745,300
NB,14.5768494,120.9979882,301
NB,14.5771273,120.9980180,302
NB,14.5773991,120.9980864,303
NB,14.5777686,120.9982212,304
NB,14.5779637,120.9982977,305
NB,14.5781567,120.9984108,306
NB,14.5784276,120.9986397,307
NB,14.5787274,120.9988731,308
NB,14.5790481,120.9991586,309
NB,14.5804708,121.0003689,310
NB,14.5822936,121.0019363,311
NB,14.5822936,121.0019363,312
NB,14.5823987,121.0020267,313
NB,14.5823987,121.0020267,314
NB,14.5840706,121.0034645,315
NB,14.5855026,121.0046434,316
NB,14.5856708,121.0048055,317
NB,14.5856708,121.0048055,318
NB,14.5857762,121.0048950,319
NB,14.5857762,121.0048950,320
NB,14.5859291,121.0050365,321
NB,14.5864953,121.0055124,322
NB,14.5884210,121.0071307,323
NB,14.5894559,121.0080314,324
NB,14.5899710,121.0084821,325
NB,14.5904794,121.0089270,326
NB,14.5910086,121.0094020,327
NB,14.5923503,121.0105307,328
NB,14.5940522,121.0119512,329
NB,14.5940522,121.0119512,330
NB,14.5950764,121.0128310,331
NB,14.5950764,121.0128310,332
NB,14.5956542,121.0132252,333
NB,14.5959336,121.0133349,334
NB,14.5962214,121.0134199,335
NB,14.5967286,121.0135251,336
NB,14.5969961,121.0135288,337
NB,14.5972711,121.0134943,338
NB,14.5974957,121.0134512,339
NB,14.5978654,121.0133378,340
NB,14.5986338,121.0128489,341
NB,14.5993513,121.0119881,342
NB,14.6007096,121.0103227,343
NB,14.6019185,121.0088749,344
NB,14.6021997,121.0085413,345
NB,14.6023231,121.0083624,346
NB,14.6024595,121.0081769,347
NB,14.6027483,121.0077397,348
NB,14.6029486,121.0071340,349
NB,14.6031573,121.0064362,350
NB,14.6033093,121.0060009,351
NB,14.6034875,121.0055807,352
NB,14.6037921,121.0050689,353
NB,14.6041463,121.0045947,354
NB,14.6052788,121.0034830,355
NB,14.6052788,121.0034830,356
NB,14.6053506,121.0034155,357
NB,14.6053506,121.0034155,358
NB,14.6064794,121.0023736,359
NB,14.6074665,121.0014112,360
NB,14.6085229,121.0003737,361
NB,14.6095692,120.9993845,362
NB,14.6106367,120.9983689,363
NB,14.6117143,120.9973353,364
NB,14.6124293,120.9966336,365
NB,14.6127973,120.9962874,366
NB,14.6128690,120.9962171,367
NB,14.6130261,120.9960691,368
NB,14.6139864,120.9951664,369
NB,14.6150228,120.9941407,370
NB,14.6161006,120.9931641,371
NB,14.6164232,120.9928512,372
NB,14.6171462,120.9921687,373
NB,14.6182506,120.9911349,374
NB,14.6192754,120.9901010,375
NB,14.6204442,120.9890195,376
NB,14.6217317,120.9877612,377
NB,14.6220121,120.9873465,378
NB,14.6221865,120.9870032,379
NB,14.6223178,120.9865418,380
NB,14.6226104,120.9834584,381
NB,14.6226584,120.9829546,382
NB,14.6226645,120.9828824,383
NB,14.6226645,120.9828824,384
NB,14.6226637,120.9828479,385
NB,14.6227515,120.9819641,386
NB,14.6229929,120.9795527,387
NB,14.6229929,120.9795527,388
NB,14.6231147,120.9782932,389
NB,14.6231261,120.9781355,390
NB,14.6231389,120.9780113,391
NB,14.6231550,120.9772947,392
NB,14.6229926,120.9765710,393
NB,14.6226469,120.9759241,394
NB,14.6222752,120.9754809,395
NB,14.6218601,120.9751560,396
NB,14.6213509,120.9748676,397
NB,14.6210491,120.9748200,398
NB,14.6200074,120.9746909,399
NB,14.6172746,120.9742699,400
NB,14.6169291,120.9742208,401
NB,14.6163918,120.9741757,402
NB,14.6155113,120.9740698,403
NB,14.6144544,120.9738558,404
NB,14.6138209,120.9737100,405
NB,14.6130993,120.9735489,406
NB,14.6126926,120.9734599,407
NB,14.6115627,120.9731973,408
